00000000
fffffffd
00000000
00000004
00000008
00000006
fffffffe
fffffff6
fffffff7
00000002
0000000e
0000000e
fffffffd
ffffffeb
ffffffea
00000002
0000001d
0000001e
fffffffc
ffffffd7
ffffffd6
00000002
00000035
00000038
fffffffd
ffffffb8
ffffffb4
00000002
0000005c
00000062
fffffffd
ffffff89
ffffff80
00000001
00000096
000000a2
00000000
ffffff41
ffffff32
00000000
000000ef
00000103
00000001
fffffed2
fffffeb8
fffffffd
0000017e
000001a0
00000002
fffffe15
fffffde4
fffffffc
00000286
000002cd
00000004
fffffc84
fffffc0b
fffffffb
00000543
0000064a
00000004
fffff602
fffff1ef
fffffffa
0000468b
ffffb974
00000005
00000e10
000009fd
fffffffb
fffff9b5
fffffabc
00000004
000003f4
0000037b
fffffffb
fffffd32
fffffd79
00000003
0000021b
000001ea
fffffffd
fffffe5f
fffffe81
00000002
00000147
0000012d
fffffffe
fffffefc
ffffff10
00000000
000000cd
000000be
00000000
ffffff5d
ffffff69
fffffffe
0000007f
00000076
00000002
ffffff9d
ffffffa3
fffffffd
0000004b
00000047
00000002
ffffffc7
ffffffca
fffffffd
00000029
00000028
00000003
ffffffe1
ffffffe2
fffffffd
00000015
00000014
00000002
fffffff1
fffffff1
fffffffd
00000008
00000009
00000001
fffffff9
fffffff7
fffffffb
00000000
00000002
00000000
00000000
00000000
00000000
00000000
00000000
00000000
00000000
00000000
00000000
00000000
00000000
00000000
00000000
00000000
00000000
00000000
00000000
00000000
00000000
00000000
00000000
00000000
00000000
00000000
00000000
00000000
00000000
00000000
00000000
00000000
00000000
00000000
00000000
00000000
00000000
00000000
00000000
00000000
00000000
00000000
00000000
00000000
00000000
00000000
00000000
00000000
00000000
00000000
00000000
00000000
00000000
00000000
00000000
00000000
00000000
00000000
00000000
00000000
00000000
00000000
00000000
00000000
00000000
00000000
00000000
00000000
00000000
00000000
00000000
00000000
00000000
00000000
00000000
00000000
00000000
00000000
00000000
00000000
00000000
00000000
00000000
00000000
00000000
00000000
00000000
00000000
00000000
00000000
00000000
00000000
00000000
00000000
00000000
00000000
00000000
00000000
00000000
00000000
00000000
00000000
00000000
00000000
00000000
00000000
00000000
00000000
00000000
00000000
00000000
00000000
00000000
00000000
00000000
00000000
00000000
00000000
00000000
00000000
00000000
00000000
00000000
00000000
00000000
00000000
00000000
00000000
00000000
00000000
00000000
00000000
00000000
00000000
00000000
00000000
00000000
00000000
00000000
00000000
00000000
00000000
00000000
00000000
00000000
00000000
00000000
00000000
00000000
00000000
00000000
00000000
00000000
00000000
00000000
00000000
00000000
00000000
00000000
00000000
00000000
00000000
00000000
00000000
00000000
00000000
00000000
00000000
00000000
00000000
