00000000
0000010c
fffffeeb
00000096
0000017c
00000128
00000083
ffffff8d
ffffff4d
ffffff5e
ffffffec
fffffff9
ffffffde
ffffff7b
ffffffc3
00000050
00000113
00000102
00000078
ffffff97
ffffff6d
ffffffa4
00000013
ffffffc3
ffffff34
fffffec7
ffffff72
0000009d
000001a4
0000016f
00000089
ffffffa1
ffffffbf
00000043
00000068
ffffff59
fffffe0d
fffffd9f
fffffefb
00000102
00000243
000001b8
00000075
ffffffe8
000000da
000001d8
00000134
fffffe72
fffffbb3
fffffb5c
fffffe22
000001a6
00000309
0000018c
ffffffde
00000114
00000539
000007fb
0000047e
fffffa5b
ffffefd3
ffffed94
fffff7a1
000008e2
00001618
00001618
000008e2
fffff7a1
ffffed94
ffffefd3
fffffa5b
0000047e
000007fb
00000539
00000114
ffffffde
0000018c
00000309
000001a6
fffffe22
fffffb5c
fffffbb3
fffffe72
00000134
000001d8
000000da
ffffffe8
00000075
000001b8
00000243
00000102
fffffefb
fffffd9f
fffffe0d
ffffff59
00000068
00000043
ffffffbf
ffffffa1
00000089
0000016f
000001a4
0000009d
ffffff72
fffffec7
ffffff34
ffffffc3
00000013
ffffffa4
ffffff6d
ffffff97
00000078
00000102
00000113
00000050
ffffffc3
ffffff7b
ffffffde
fffffff9
ffffffec
ffffff5e
ffffff4d
ffffff8d
00000083
00000128
0000017c
00000096
fffffeeb
0000010c
00000000
00000000
00000000
00000000
00000000
00000000
00000000
00000000
00000000
00000000
00000000
00000000
00000000
00000000
00000000
00000000
00000000
00000000
00000000
00000000
00000000
00000000
00000000
00000000
00000000
00000000
00000000
00000000
00000000
00000000
00000000
00000000
00000000
00000000
00000000
00000000
00000000
00000000
00000000
00000000
00000000
00000000
00000000
00000000
00000000
00000000
00000000
00000000
00000000
00000000
00000000
00000000
00000000
00000000
00000000
00000000
00000000
00000000
00000000
00000000
00000000
00000000
00000000
00000000
00000000
00000000
00000000
00000000
00000000
00000000
00000000
00000000
00000000
00000000
00000000
00000000
00000000
00000000
00000000
00000000
00000000
00000000
00000000
00000000
00000000
00000000
00000000
00000000
00000000
00000000
00000000
00000000
00000000
00000000
00000000
00000000
00000000
00000000
00000000
00000000
00000000
00000000
00000000
00000000
00000000
00000000
00000000
00000000
00000000
00000000
00000000
00000000
00000000
00000000
00000000
00000000
00000000
00000000
00000000
00000000
00000000
00000000
00000000
00000000
00000000
00000000
00000000
00000000
00000000
00000000
00000000
00000000
00000000
00000000
00000000
00000000
00000000
00000000
00000000
00000000
00000000
00000000
00000000
00000000
00000000
00000000
00000000
00000000
00000000
00000000
00000000
00000000
00000000
00000000
00000000
00000000
00000000
00000000
00000000
00000000
00000000
00000000
00000000
00000000
00000000
00000000
00000000
00000000
00000000
