00000000
ffffff96
ffffff88
00000115
fffffe67
fffffebb
ffffff11
00000005
000000a2
000000b9
00000059
00000000
0000000a
0000005a
00000072
00000000
ffffff42
fffffedc
ffffff32
00000000
00000093
00000083
00000019
00000000
0000007f
00000119
00000102
00000000
fffffec4
fffffe50
fffffef5
00000000
0000006d
00000001
ffffff8a
00000000
00000156
0000025c
000001e2
00000000
fffffe2a
fffffdcf
fffffee9
00000000
ffffffbf
fffffe8a
fffffe2f
00000000
00000318
000004e2
0000038b
00000000
fffffd42
fffffd75
ffffff7d
00000000
fffffd05
fffff8df
fffff8cc
00000000
00000b6c
000012c6
00000ed4
00000000
ffffef45
000067fe
ffffef45
00000000
00000ed4
000012c6
00000b6c
00000000
fffff8cc
fffff8df
fffffd05
00000000
ffffff7d
fffffd75
fffffd42
00000000
0000038b
000004e2
00000318
00000000
fffffe2f
fffffe8a
ffffffbf
00000000
fffffee9
fffffdcf
fffffe2a
00000000
000001e2
0000025c
00000156
00000000
ffffff8a
00000001
0000006d
00000000
fffffef5
fffffe50
fffffec4
00000000
00000102
00000119
0000007f
00000000
00000019
00000083
00000093
00000000
ffffff32
fffffedc
ffffff42
00000000
00000072
0000005a
0000000a
00000000
00000059
000000b9
000000a2
00000005
ffffff11
fffffebb
fffffe67
00000115
ffffff88
00000000
00000000
00000000
00000000
00000000
00000000
00000000
00000000
00000000
00000000
00000000
00000000
00000000
00000000
00000000
00000000
00000000
00000000
00000000
00000000
00000000
00000000
00000000
00000000
00000000
00000000
00000000
00000000
00000000
00000000
00000000
00000000
00000000
00000000
00000000
00000000
00000000
00000000
00000000
00000000
00000000
00000000
00000000
00000000
00000000
00000000
00000000
00000000
00000000
00000000
00000000
00000000
00000000
00000000
00000000
00000000
00000000
00000000
00000000
00000000
00000000
00000000
00000000
00000000
00000000
00000000
00000000
00000000
00000000
00000000
00000000
00000000
00000000
00000000
00000000
00000000
00000000
00000000
00000000
00000000
00000000
00000000
00000000
00000000
00000000
00000000
00000000
00000000
00000000
00000000
00000000
00000000
00000000
00000000
00000000
00000000
00000000
00000000
00000000
00000000
00000000
00000000
00000000
00000000
00000000
00000000
00000000
00000000
00000000
00000000
00000000
00000000
00000000
00000000
00000000
00000000
00000000
00000000
00000000
00000000
00000000
00000000
00000000
00000000
00000000
00000000
00000000
00000000
00000000
00000000
00000000
00000000
00000000
00000000
00000000
00000000
00000000
00000000
00000000
00000000
00000000
00000000
00000000
00000000
00000000
00000000
00000000
00000000
00000000
00000000
00000000
00000000
00000000
00000000
00000000
00000000
00000000
00000000
00000000
00000000
00000000
00000000
00000000
00000000
00000000
00000000
00000000
00000000
00000000
